#Capacidad de la mochila
2501.480984039577
#Num. de objetos
100
#Volumen valor de los objetos
86.3474952079752 73.14799052049338
98.90545368722725 44.83141243345775
17.37313174702328 13.02880278855663
34.75879607890379 85.79137157619982
35.892670154760914 17.525232716933623
41.06646132464975 24.21130938772938
40.62398755206152 41.8411174396116
35.478778692904996 60.41832646527851
42.220242075769356 47.78541465522989
25.502194121086486 43.832371990338466
8.098075456639945 53.68064786826955
58.90154258944699 1.4204771864281902
7.7799836643679505 65.73271764574727
38.81619072979979 32.42596317753744
20.84920975141806 29.854212661015488
70.3324337526761 84.49705302483054
15.333326366270374 18.44023837562422
90.70673167775456 98.20559581499352
12.26911081678934 66.57132387232724
66.60518913684028 53.781568742793766
89.35667841522267 69.56233234607514
9.614408353191024 50.69269510294218
58.984826233552 77.68936859282003
88.88719156910426 24.47102294982839
61.50228358611041 75.30852569455348
59.11374962634311 25.929501901430942
9.421142771518841 68.43088987547146
13.054951881418454 7.621533164283259
77.26899452485465 87.13756702931344
22.638794069413066 8.075221150121099
19.055293964732886 91.00656981138106
94.10470937238404 70.98150454933696
28.785289151604662 63.98024290523556
71.88241349867953 25.13149927291075
42.14135538844155 7.827512014462468
97.81295798160819 5.483451803168208
84.3568545768939 70.54952488041732
26.95925146380273 49.29332367773436
17.43163898496348 4.740409341550641
25.611753134725408 64.76551143989447
55.18113562476282 85.0466489165621
76.17212592604534 43.17145405806367
35.1724394604044 49.46919041928433
18.393656061279952 13.843792707794044
17.381122982814052 49.32173563107883
8.971714756416528 23.882469017568543
94.40148761819732 79.19674629400346
19.711138826523793 83.80664790024234
78.26078766210043 27.297521922019005
79.4493887852146 41.752503056910435
74.32442898387207 52.970327087984465
1.585314993007334 29.15191662972742
71.4344640782885 65.21481616180101
9.453042751097529 94.1308083390436
73.29770102721619 19.36419301328094
95.8888036632602 33.138309645235914
89.2325375420818 65.0082526441007
90.16573946145567 19.559199307024453
6.695129549054909 77.58314134361432
98.01762648699093 4.271947670177861
13.535798216552111 6.870967068755222
49.73703300197296 36.29348875444245
52.68560057384011 35.94045755281553
12.31692694391599 68.79921715310414
91.94076053358745 89.8167547345173
91.30680769776771 39.92301399088449
94.69914675546285 81.39393803652399
66.47538861981477 39.826981274217026
76.90834774508623 86.79832068517935
16.511487599887282 56.58432851020927
96.10878914772245 36.5735230367478
32.85318235533264 24.441288184525504
14.298242813928816 7.690234373821054
96.31243475936076 16.015177719445745
1.4054932622686218 52.48419234924386
95.45829316886707 97.94563326083288
50.44126917758954 30.195130968419196
49.73641245320061 3.4448274976248934
59.893555924402776 65.81766169571402
81.03606347152558 68.08987530978203
17.65213578175669 59.481809481554464
39.867919085230454 95.06686192953632
17.683801764956925 27.556512425374425
35.4868027378837 79.9109335768563
77.83489737749672 94.11379566371617
97.18328294067213 94.59052267175635
4.511893319309282 63.30432266980058
3.5763067889988633 64.55631312343041
65.58347259301233 26.57694829501391
48.06632130454646 8.116707033546756
26.659132834147343 47.525420076278145
62.65412283686598 20.211574363657252
47.92956118463327 6.464742461862749
71.09542093048464 40.33469059150319
51.0030870445144 78.62782203073978
2.8444145108832437 69.00284964484567
88.64029781483752 44.12977968675944
48.44189721535038 8.785698059020032
16.975368027693914 99.57298423312514
50.92426522833602 50.49548061948901
